IT Project Risk Dataset Summary
==================================================

Rows: 100000
Columns: 46
High-Risk Proportion: 0.1623
Missing Values: 0

Class Distribution:
high_risk
0    0.83774
1    0.16226

Industries (After Grouping):
industry
Technology            20168
Finance               14961
Healthcare            12025
Manufacturing          9967
Retail                 9863
Government             8059
Education              6961
Energy                 6153
Telecommunications     5942
Insurance              5901

Numeric Features Summary:
          complexity  planned_duration  preliminary_budget      team_size  planned_budget     start_year  client_experience  vendor_dependency  stakeholder_count  technical_risk  communication_risk  requirement_risk    vendor_risk  methodology_risk  budget_overrun  actual_budget  schedule_delay_pct  actual_duration  scope_delivered_pct  quality_score  customer_satisfaction  success_rating      high_risk  planned_duration_months  composite_risk_score  budget_per_team_member  duration_complexity_factor  risk_assessment_variance  experience_complexity_gap  complexity_vendor_interaction  team_stakeholder_ratio     log_budget       max_risk  budget_duration_ratio    risk_spread  risk_score_squared
count  100000.000000     100000.000000        1.000000e+05  100000.000000    1.000000e+05  100000.000000      100000.000000      100000.000000      100000.000000   100000.000000       100000.000000     100000.000000  100000.000000     100000.000000   100000.000000   1.000000e+05       100000.000000    100000.000000        100000.000000  100000.000000          100000.000000   100000.000000  100000.000000            100000.000000         100000.000000            1.000000e+05               100000.000000             100000.000000              100000.000000                  100000.000000           100000.000000  100000.000000  100000.000000          100000.000000  100000.000000       100000.000000
mean        4.753163        149.160773        1.603754e+06       8.667018    1.701308e+06    2019.003540           4.011145           1.719955           5.947280        3.429432            2.358664          2.679267       1.622534          2.946313       -4.488791   1.572384e+06           -6.219593       138.845740            95.639737       7.801789               9.537698        9.456359       0.162260                 4.900157              2.607242            1.687012e+05                    7.100172                  2.295418                   0.743735                       0.096404                1.329936      13.181679       4.450981            9978.261329       1.399747            7.530638
std         2.012269        169.266405        2.273867e+06       9.414520    4.316309e+06       2.584321           1.953339           1.381274           3.951397        1.673043            1.510029          1.449327       1.391688          1.379208        6.735909   3.803108e+06            6.398857       157.266392             4.603752       1.294075               0.702502        0.336358       0.368691                 5.560657              0.856116            2.225984e+05                    9.270847                  1.904943                   2.797509                       0.105277                1.085749       1.491711       1.452760           12949.135750       0.579767            4.866959
min         1.000000         30.000000        3.700000e+04       1.000000    6.000000e+03    2015.000000           1.000000           0.100000           1.000000        1.000000            1.000000          1.000000       0.100000          1.000000      -20.000000   5.866000e+03          -25.000000        22.000000            67.500000       3.000000               4.700000        7.400000       0.000000                 0.985545              0.820000            5.286369e+03                    0.300000                  0.000000                  -8.500000                       0.001000                0.052632       8.699681       1.000000             156.377539       0.000000            0.672400
25%         3.000000         33.000000        3.570000e+05       3.000000    1.880000e+05    2017.000000           2.400000           0.700000           3.000000        2.000000            1.100000          1.300000       0.500000          1.900000       -9.000000   1.793548e+05          -10.500000        32.000000            92.700000       6.900000               9.200000        9.300000       0.000000                 1.084100              1.940000            4.053846e+04                    1.725000                  0.943000                  -1.200000                       0.023800                0.555556      12.144203       3.400000            2842.105263       0.971082            3.763600
50%         4.700000         80.000000        7.480000e+05       6.000000    4.930000e+05    2019.000000           3.900000           1.300000           5.000000        3.300000            2.000000          2.500000       1.300000          2.700000       -4.400000   4.708240e+05           -6.200000        75.000000            96.800000       7.800000              10.000000        9.500000       0.000000                 2.628121              2.540000            8.133333e+04                    3.468000                  1.817000                   0.743735                       0.060500                1.000000      13.108266       4.400000            5976.412928       1.347961            6.451600
75%         6.400000        195.000000        1.877000e+06      10.000000    1.432000e+06    2021.000000           5.400000           2.300000           8.000000        4.700000            3.000000          3.700000       2.300000          3.900000        0.100000   1.364418e+06           -1.900000       181.000000           100.000000       8.700000              10.000000        9.700000       0.000000                 6.406045              3.200000            2.052589e+05                    8.651345                  3.123000                   2.700000                       0.130000                1.750000      14.174583       5.400000           11915.222537       1.767201           10.240000
max        10.000000       2098.260087        2.927800e+07      99.879527    1.319410e+08    2023.000000           9.800000          10.000000          25.000000        9.800000           10.000000          8.200000      10.000000          8.400000       24.000000   1.194854e+08           21.100000      1103.000000           100.000000      10.000000              10.000000       10.000000       1.000000                68.931015              6.620000            2.825909e+06                  120.238696                 18.767000                   9.000000                       1.000000               11.500000      18.697865      10.000000          155763.157895       4.332090           43.824400

Categorical Features:

budget_category:
budget_category
Low          0.25103
Very High    0.24999
High         0.24978
Medium       0.24920
duration_category:
duration_category
Medium    0.33435
Short     0.33338
Long      0.33227
industry:
industry
Technology            0.20168
Finance               0.14961
Healthcare            0.12025
Manufacturing         0.09967
Retail                0.09863
Government            0.08059
Education             0.06961
Energy                0.06153
Telecommunications    0.05942
Insurance             0.05901
methodology:
methodology
Agile        0.30168
Waterfall    0.20069
Hybrid       0.15207
Scrum        0.14819
Kanban       0.09910
DevOps       0.04999
Lean         0.04828
status:
status
Successful    1.0
team_size_category:
team_size_category
Small     0.37282
Large     0.32862
Medium    0.29856